% This file contains a brief summary of the land-surface average results 
% produced by the Berkeley Averaging method.  Temperatures are in 
% Celsius and reported as anomalies relative to the Jan 1951-Dec 1980
% average. Uncertainties represent the 95% confidence interval for 
% statistical and spatial undersampling effects.
% 
% The current dataset presented here is described as: 
% 
%   Estimated Global Land-Surface TAVG based on the Complete Berkeley Dataset
% 
% 
% This analysis was run on 05-Sep-2024 08:48:54
% 
% Results are based on 50559 time series 
%   with 21451971 data points
% 
% Estimated Jan 1951-Dec 1980 absolute temperature (C): 8.59 +/- 0.07
% 
% 
% 
% Year, Annual Anomaly, Annual Unc., Five-year Anomaly, Five-year Unc.
 
  1750      -1.126        0.839              NaN             NaN
  1751      -1.335        0.848              NaN             NaN
  1753      -0.801        0.865              NaN             NaN
  1754      -0.361        1.086              NaN             NaN
  1755      -0.631        1.049           -0.458           0.538
  1756      -0.355        0.978           -0.767           0.510
  1757      -0.144        1.147           -0.981           0.561
  1758      -2.346        1.072           -1.300           0.651
  1759      -1.430        1.262           -1.362           0.688
  1760      -2.225        1.483           -1.475           0.782
  1761      -0.666        0.939           -1.353           0.789
  1762      -0.708        0.799           -1.193           0.668
  1763      -1.736        1.082           -0.831           0.527
  1764      -0.628        0.855           -0.788           0.541
  1765      -0.415        0.836           -0.759           0.435
  1766      -0.453        0.970           -0.802           0.412
  1767      -0.565        1.296           -0.875           0.601
  1768      -1.949        0.927           -0.987           0.804
  1769      -0.993        1.613           -1.105           1.032
  1770      -0.978        1.359           -1.094           0.873
  1771      -1.039        1.196           -0.767           0.730
  1772      -0.512        0.799           -0.558           0.656
  1773      -0.311        1.022           -0.333           0.473
  1774       0.050        1.336           -0.310           0.377
  1775       0.149        0.979           -0.396           0.391
  1776      -0.924        0.954           -0.473           0.479
  1777      -0.942        0.681           -0.540           0.501
  1778      -0.699        1.332           -0.512           0.458
  1779      -0.282        0.923           -0.419           0.396
  1780       0.287        2.311           -0.370           0.437
  1781      -0.462        0.953           -0.406           0.582
  1782      -0.696        0.931           -0.482           0.886
  1783      -0.877        0.763           -0.725           0.713
  1784      -0.663        2.305           -0.748           1.073
  1785      -0.925        1.316           -0.711           1.271
  1786      -0.578        1.516           -0.602           1.241
  1787      -0.513        1.535           -0.513           0.898
  1788      -0.328        0.669           -0.430           0.702
  1789      -0.223        0.784           -0.358           0.657
  1790      -0.508        0.638           -0.345           0.569
  1791      -0.218        1.182           -0.335           0.794
  1792      -0.446        1.203           -0.279           1.101
  1793      -0.282        1.495           -0.150           1.172
  1794       0.059        2.084           -0.160           1.172
  1795       0.139        0.810           -0.076           1.229
  1796      -0.271        1.292           -0.040           1.063
  1797      -0.027        1.304           -0.173           0.730
  1798      -0.100        1.112           -0.284           0.695
  1799      -0.608        0.601           -0.175           0.562
  1800      -0.414        0.611           -0.144           0.479
  1801       0.275        0.780           -0.135           0.424
  1802       0.127        0.590           -0.010           0.501
  1803      -0.055        0.771            0.048           0.465
  1804       0.015        0.644           -0.058           0.457
  1805      -0.122        0.770           -0.185           0.493
  1806      -0.257        0.804           -0.390           0.523
  1807      -0.506        0.652           -0.693           0.643
  1808      -1.082        1.052           -0.986           0.770
  1809      -1.498        1.311           -1.255           0.839
  1810      -1.585        1.543           -1.447           0.895
  1811      -1.604        0.726           -1.408           0.689
  1812      -1.465        0.986           -1.310           0.526
  1813      -0.889        0.839           -1.277           0.438
  1814      -1.007        0.692           -1.310           0.383
  1815      -1.419        0.644           -1.312           0.354
  1816      -1.771        0.551           -1.229           0.406
  1817      -1.476        0.508           -1.283           0.493
  1818      -0.473        1.133           -1.191           0.500
  1819      -1.278        0.825           -0.975           0.474
  1820      -0.957        0.744           -0.808           0.488
  1821      -0.693        0.527           -0.896           0.429
  1822      -0.636        0.742           -0.695           0.476
  1823      -0.914        0.801           -0.598           0.483
  1824      -0.272        0.597           -0.526           0.498
  1825      -0.475        0.574           -0.389           0.414
  1826      -0.333        0.518           -0.322           0.361
  1827       0.050        0.524           -0.426           0.341
  1828      -0.582        0.576           -0.355           0.309
  1829      -0.793        0.587           -0.482           0.311
  1830      -0.117        0.504           -0.725           0.342
  1831      -0.966        0.605           -0.728           0.339
  1832      -1.167        0.606           -0.665           0.332
  1833      -0.596        0.564           -0.886           0.369
  1834      -0.479        0.517           -0.878           0.435
  1835      -1.224        0.595           -0.889           0.449
  1836      -0.922        0.627           -0.991           0.519
  1837      -1.225        0.702           -1.076           0.585
  1838      -1.105        0.755           -1.003           0.534
  1839      -0.906        0.757           -1.026           0.480
  1840      -0.859        0.386           -0.910           0.446
  1841      -1.033        0.462           -0.800           0.384
  1842      -0.649        0.508           -0.836           0.352
  1843      -0.552        0.436           -0.856           0.363
  1844      -1.086        0.530           -0.683           0.352
  1845      -0.959        0.491           -0.686           0.341
  1846      -0.171        0.518           -0.727           0.381
  1847      -0.660        0.511           -0.662           0.376
  1848      -0.758        0.552           -0.646           0.373
  1849      -0.762        0.454           -0.731           0.384
  1850      -0.879        0.440           -0.739           0.390
  1851      -0.595        0.473           -0.728           0.373
  1852      -0.700        0.487           -0.678           0.333
  1853      -0.704        0.418           -0.617           0.288
  1854      -0.512        0.311           -0.632           0.229
  1855      -0.575        0.357           -0.676           0.202
  1856      -0.667        0.279           -0.640           0.193
  1857      -0.924        0.270           -0.606           0.187
  1858      -0.521        0.323           -0.638           0.147
  1859      -0.340        0.263           -0.667           0.146
  1860      -0.738        0.391           -0.717           0.165
  1861      -0.812        0.260           -0.707           0.182
  1862      -1.172        0.320           -0.767           0.189
  1863      -0.473        0.344           -0.703           0.186
  1864      -0.638        0.348           -0.607           0.199
  1865      -0.418        0.263           -0.408           0.206
  1866      -0.332        0.290           -0.403           0.220
  1867      -0.176        0.308           -0.320           0.249
  1868      -0.450        0.381           -0.332           0.269
  1869      -0.223        0.411           -0.380           0.263
  1870      -0.478        0.327           -0.443           0.238
  1871      -0.574        0.216           -0.419           0.192
  1872      -0.491        0.229           -0.419           0.140
  1873      -0.330        0.228           -0.467           0.120
  1874      -0.224        0.194           -0.453           0.138
  1875      -0.719        0.212           -0.373           0.153
  1876      -0.500        0.254           -0.251           0.171
  1877      -0.093        0.224           -0.290           0.175
  1878       0.283        0.285           -0.255           0.183
  1879      -0.421        0.211           -0.213           0.188
  1880      -0.545        0.201           -0.282           0.178
  1881      -0.291        0.227           -0.449           0.168
  1882      -0.437        0.199           -0.514           0.164
  1883      -0.551        0.224           -0.525           0.152
  1884      -0.745        0.192           -0.586           0.139
  1885      -0.600        0.164           -0.625           0.141
  1886      -0.595        0.148           -0.597           0.143
  1887      -0.634        0.213           -0.490           0.134
  1888      -0.412        0.197           -0.486           0.144
  1889      -0.208        0.186           -0.471           0.155
  1890      -0.582        0.185           -0.441           0.147
  1891      -0.518        0.179           -0.454           0.142
  1892      -0.482        0.163           -0.484           0.146
  1893      -0.480        0.157           -0.441           0.148
  1894      -0.359        0.181           -0.398           0.143
  1895      -0.367        0.188           -0.347           0.150
  1896      -0.304        0.162           -0.320           0.153
  1897      -0.225        0.190           -0.269           0.164
  1898      -0.344        0.172           -0.196           0.175
  1899      -0.106        0.231           -0.136           0.180
  1900      -0.003        0.239           -0.142           0.173
  1901      -0.001        0.174           -0.140           0.175
  1902      -0.254        0.141           -0.214           0.152
  1903      -0.337        0.185           -0.278           0.139
  1904      -0.475        0.143           -0.311           0.133
  1905      -0.322        0.176           -0.377           0.139
  1906      -0.166        0.146           -0.385           0.138
  1907      -0.585        0.169           -0.368           0.147
  1908      -0.378        0.175           -0.373           0.146
  1909      -0.390        0.176           -0.421           0.152
  1910      -0.348        0.154           -0.389           0.156
  1911      -0.405        0.175           -0.372           0.155
  1912      -0.425        0.182           -0.290           0.149
  1913      -0.294        0.168           -0.224           0.148
  1914       0.020        0.152           -0.217           0.145
  1915      -0.013        0.145           -0.252           0.140
  1916      -0.374        0.163           -0.287           0.132
  1917      -0.598        0.165           -0.336           0.136
  1918      -0.473        0.137           -0.384           0.136
  1919      -0.221        0.163           -0.317           0.124
  1920      -0.254        0.150           -0.240           0.115
  1921      -0.039        0.117           -0.186           0.111
  1922      -0.213        0.122           -0.170           0.099
  1923      -0.204        0.125           -0.141           0.085
  1924      -0.138        0.106           -0.116           0.084
  1925      -0.109        0.098           -0.101           0.079
  1926       0.084        0.116           -0.067           0.076
  1927      -0.140        0.097           -0.128           0.077
  1928      -0.033        0.108           -0.117           0.082
  1929      -0.441        0.108           -0.127           0.080
  1930      -0.056        0.107           -0.093           0.079
  1931       0.037        0.109           -0.154           0.078
  1932       0.029        0.099           -0.077           0.075
  1933      -0.336        0.105           -0.103           0.072
  1934      -0.058        0.101           -0.140           0.071
  1935      -0.188        0.093           -0.145           0.069
  1936      -0.146        0.099           -0.041           0.068
  1937       0.005        0.099           -0.012           0.067
  1938       0.181        0.105            0.042           0.067
  1939       0.090        0.095            0.087           0.068
  1940       0.083        0.091            0.095           0.066
  1941       0.076        0.097            0.075           0.066
  1942       0.047        0.095            0.091           0.064
  1943       0.080        0.098            0.056           0.062
  1944       0.172        0.088            0.041           0.060
  1945      -0.095        0.089            0.056           0.057
  1946       0.002        0.089            0.052           0.055
  1947       0.121        0.085           -0.002           0.057
  1948       0.061        0.081           -0.045           0.054
  1949      -0.100        0.086           -0.055           0.050
  1950      -0.308        0.073           -0.085           0.049
  1951      -0.049        0.063           -0.056           0.050
  1952      -0.027        0.082           -0.058           0.050
  1953       0.202        0.086           -0.004           0.048
  1954      -0.106        0.077           -0.072           0.048
  1955      -0.041        0.059           -0.067           0.044
  1956      -0.386        0.059           -0.090           0.039
  1957      -0.004        0.053           -0.052           0.035
  1958       0.087        0.039           -0.063           0.034
  1959       0.083        0.039            0.037           0.029
  1960      -0.096        0.041            0.050           0.032
  1961       0.117        0.037            0.069           0.029
  1962       0.058        0.052           -0.003           0.025
  1963       0.183        0.053           -0.012           0.023
  1964      -0.275        0.019           -0.047           0.022
  1965      -0.141        0.027           -0.049           0.020
  1966      -0.057        0.033           -0.117           0.022
  1967       0.045        0.033           -0.076           0.025
  1968      -0.157        0.036           -0.037           0.024
  1969      -0.070        0.036           -0.036           0.020
  1970       0.053        0.021           -0.076           0.018
  1971      -0.048        0.024            0.019           0.013
  1972      -0.156        0.014           -0.002           0.012
  1973       0.315        0.025            0.010           0.014
  1974      -0.176        0.038           -0.034           0.013
  1975       0.114        0.021            0.048           0.015
  1976      -0.267        0.044            0.002           0.015
  1977       0.253        0.026            0.057           0.015
  1978       0.088        0.042            0.107           0.019
  1979       0.099        0.051            0.268           0.024
  1980       0.361        0.054            0.226           0.024
  1981       0.541        0.028            0.292           0.017
  1982       0.038        0.033            0.287           0.022
  1983       0.421        0.032            0.226           0.013
  1984       0.076        0.029            0.167           0.013
  1985       0.053        0.037            0.240           0.016
  1986       0.248        0.030            0.276           0.015
  1987       0.403        0.028            0.326           0.013
  1988       0.601        0.027            0.442           0.015
  1989       0.325        0.030            0.512           0.020
  1990       0.635        0.029            0.477           0.017
  1991       0.597        0.024            0.412           0.016
  1992       0.227        0.032            0.436           0.014
  1993       0.274        0.025            0.459           0.017
  1994       0.448        0.031            0.427           0.018
  1995       0.750        0.022            0.498           0.019
  1996       0.436        0.015            0.629           0.017
  1997       0.585        0.030            0.675           0.015
  1998       0.926        0.021            0.644           0.013
  1999       0.676        0.018            0.716           0.014
  2000       0.594        0.017            0.793           0.012
  2001       0.800        0.018            0.791           0.013
  2002       0.969        0.021            0.800           0.019
  2003       0.915        0.027            0.901           0.017
  2004       0.723        0.032            0.926           0.018
  2005       1.099        0.014            0.959           0.019
  2006       0.925        0.021            0.943           0.019
  2007       1.132        0.037            0.985           0.024
  2008       0.839        0.031            0.987           0.028
  2009       0.931        0.038            0.989           0.030
  2010       1.111        0.035            0.940           0.029
  2011       0.933        0.033            0.974           0.028
  2012       0.887        0.036            0.982           0.026
  2013       1.006        0.035            1.008           0.027
  2014       0.975        0.020            1.107           0.026
  2015       1.238        0.037            1.191           0.025
  2016       1.430        0.025            1.218           0.027
  2017       1.304        0.022            1.290           0.033
  2018       1.141        0.045            1.341           0.036
  2019       1.337        0.051            1.302           0.038
  2020       1.495        0.049            1.287           0.044
  2021       1.235        0.035            1.384           0.047
  2022       1.226        0.056              NaN             NaN
  2023       1.627        0.058              NaN             NaN